1
0 40.0 50.0 1010.0 1093.9459228515625 13
0 92.0 144.4810791015625 200.0 240.0 5
69 27 10 41 71 41 31 52
67 9 10 70 100 85 64 42
4 40 10 141 171 153 20 80
100 3 10 180 210 180 31 67
80 13 10 0 222 216 47 47
13 92.0 116.52972412109375 200.0 240.0 5
44 10 10 64 94 64 55 82
38 30 10 75 105 81 62 80
55 16 10 140 170 140 30 60
91 13 10 0 217 176 49 42
94 23 10 0 212 196 57 48
30 0.0 0.0 200.0 240.0 2
79 30 10 89 119 89 6 68
8 10 10 91 121 114 15 80
37 95.0 89.91989135742188 200.0 240.0 5
15 20 10 58 88 58 2 40
11 40 10 59 89 74 8 40
9 20 10 91 121 91 10 35
53 5 10 91 121 119 20 50
13 10 10 142 172 150 5 35
47 26.0 84.31025695800781 200.0 240.0 3
62 3 10 52 82 52 65 35
99 15 10 77 107 101 26 35
74 8 10 141 171 141 20 20
48 70.0 111.58358764648438 200.0 240.0 4
23 30 10 65 95 65 38 5
87 13 10 90 120 107 12 24
77 7 10 150 180 150 23 3
58 20 10 152 182 170 15 10
56 0.0 0.0 200.0 240.0 2
76 31 10 75 105 75 60 12
25 20 10 154 184 154 35 5
71 0.0 0.0 200.0 240.0 1
84 18 10 96 126 96 57 29
86 89.0 130.80767822265625 200.0 240.0 7
71 14 10 0 204 25 65 55
54 16 10 0 211 46 55 60
37 10 10 0 189 80 65 82
41 20 10 0 199 100 58 75
81 10 10 0 217 129 49 58
42 10 10 0 196 162 55 80
61 9 10 0 214 190 45 65
94 186.0 102.77000427246094 200.0 240.0 9
70 23 10 0 210 19 35 69
3 10 10 0 190 50 22 85
5 20 10 0 189 62 20 85
2 30 10 0 199 82 22 75
6 20 10 0 196 96 18 75
88 19 10 0 212 124 24 58
60 17 10 0 203 143 15 60
78 27 10 0 197 161 8 56
12 20 10 0 197 182 8 45
103 160.0 117.97640228271484 200.0 240.0 8
47 10 10 0 191 38 2 45
10 30 10 0 198 57 10 40
65 16 10 0 218 92 35 40
52 3 10 0 205 116 25 30
86 28 10 0 197 134 21 24
57 23 10 0 203 153 30 25
24 10 10 0 194 175 38 15
22 40 10 0 195 187 40 15
111 110.0 120.30860137939453 200.0 240.0 6
19 40 10 0 189 40 42 10
20 10 10 0 194 55 42 15
66 16 10 0 216 87 41 37
51 19 10 0 196 119 55 20
63 6 10 0 190 139 65 20
56 19 10 0 211 170 50 35
117 90.0 75.25871276855469 200.0 240.0 5
32 10 10 0 178 51 87 30
28 10 10 0 174 66 92 30
26 30 10 0 171 79 95 30
34 30 10 0 182 100 85 35
29 10 10 0 177 115 90 35
